executing_action=False
primitive_action=grasp
best_pix_ind=(0, 88, 72)
push_success=False
grasp_success=True
grasp_reward=5.9894714
improved_grasp_reward=0
push_step=0
goal_obj_idx=4
goal_catched=1
border_occupy_ratio=nan
decreased_occupy_ratio=0
restart_scene=0
episode=2
new_episode_flag=0
episode_grasp_reward=0
episode_ratio_of_grasp_to_push=0
episode_improved_grasp_reward=0
push_predictions=[[[-0.8507788  -0.8526972  -0.85461545 ... -0.6064017  -0.5260069
   -0.4456121 ]
  [-0.9423289  -0.950228   -0.95812696 ... -0.61769897 -0.53882396
   -0.45994905]
  [-1.033879   -1.0477587  -1.0616385  ... -0.6289962  -0.55164105
   -0.47428596]
  ...
  [-0.51374954 -0.5522961  -0.59084266 ...  0.46425405  0.44290102
    0.42154804]
  [-0.4564887  -0.49402755 -0.5315665  ...  0.43819913  0.4201864
    0.40217373]
  [-0.39922783 -0.43575904 -0.47229028 ...  0.41214418  0.3974718
    0.38279942]]

 [[-1.8999548  -1.9406904  -1.9814258  ... -1.1767371  -1.1430869
   -1.1094368 ]
  [-1.8647773  -1.9111613  -1.957545   ... -1.1591328  -1.1304682
   -1.1018037 ]
  [-1.8295999  -1.8816321  -1.9336644  ... -1.1415287  -1.1178497
   -1.0941707 ]
  ...
  [ 0.7394894   0.7027642   0.666039   ... -0.18528253 -0.19921747
   -0.21315241]
  [ 0.6706629   0.6353657   0.6000685  ... -0.10948381 -0.12326666
   -0.1370495 ]
  [ 0.6018363   0.5679672   0.534098   ... -0.03368508 -0.04731583
   -0.06094661]]

 [[-1.7447482  -1.8784655  -2.012183   ...  0.26426992  0.28969443
    0.31511894]
  [-1.7862345  -1.9164152  -2.046596   ...  0.2861352   0.31542942
    0.34472364]
  [-1.8277208  -1.9543649  -2.0810091  ...  0.30800048  0.3411644
    0.37432837]
  ...
  [-0.6732188  -0.68150395 -0.6897891  ...  0.09690822  0.11535814
    0.13380806]
  [-0.6424978  -0.6539227  -0.66534764 ...  0.10012728  0.11563451
    0.13114174]
  [-0.61177677 -0.62634146 -0.64090616 ...  0.10334635  0.11591087
    0.1284754 ]]

 ...

 [[-0.61295116 -0.61157566 -0.6102001  ... -1.1036549  -1.0406911
   -0.9777273 ]
  [-0.62095505 -0.6169226  -0.6128901  ... -1.1114231  -1.0530248
   -0.99462634]
  [-0.628959   -0.6222696  -0.6155801  ... -1.1191915  -1.0653584
   -1.0115254 ]
  ...
  [-1.2692063  -1.272244   -1.2752817  ... -0.87699425 -0.87023103
   -0.8634678 ]
  [-1.2900274  -1.2854831  -1.2809391  ... -0.83264285 -0.8279402
   -0.82323754]
  [-1.3108484  -1.2987224  -1.2865965  ... -0.78829145 -0.78564936
   -0.78300726]]

 [[-0.15089664 -0.17229787 -0.19369908 ...  0.13713454  0.12955944
    0.12198436]
  [-0.13966928 -0.16017888 -0.1806885  ...  0.13920416  0.13207729
    0.12495045]
  [-0.12844191 -0.1480599  -0.16767791 ...  0.14127378  0.13459514
    0.12791653]
  ...
  [-2.630008   -2.6778097  -2.7256117  ...  0.09688701  0.14700699
    0.19712695]
  [-2.4980202  -2.5552094  -2.6123986  ...  0.01873274  0.07064384
    0.12255497]
  [-2.3660324  -2.4326088  -2.4991853  ... -0.05942153 -0.00571927
    0.04798298]]

 [[ 0.10163745  0.14260261  0.18356775 ... -1.1146677  -1.0995259
   -1.0843841 ]
  [ 0.08809362  0.13088015  0.17366666 ... -1.2003844  -1.1760491
   -1.1517138 ]
  [ 0.0745498   0.11915768  0.16376556 ... -1.286101   -1.2525723
   -1.2190435 ]
  ...
  [-0.67686564 -0.64831465 -0.6197637  ... -1.1797186  -1.1066163
   -1.033514  ]
  [-0.632848   -0.6151063  -0.59736454 ... -1.1855633  -1.1116124
   -1.0376617 ]
  [-0.5888304  -0.5818979  -0.5749655  ... -1.1914079  -1.1166085
   -1.0418093 ]]]
grasp_predictions=[[[ 0.81495476  0.88990897  0.96486306 ...  3.6543558   3.5901961
    3.526037  ]
  [ 0.85689193  0.93711406  1.017336   ...  3.74395     3.6735158
    3.6030815 ]
  [ 0.898829    0.9843191   1.069809   ...  3.8335443   3.756835
    3.680126  ]
  ...
  [ 0.6525644   0.6737989   0.69503343 ...  0.41939244  0.43578246
    0.45217243]
  [ 0.6794919   0.70290136  0.72631085 ...  0.41964656  0.43619132
    0.45273605]
  [ 0.70641935  0.73200375  0.7575882  ...  0.4199007   0.43660018
    0.45329964]]

 [[ 0.71783733  0.71615326  0.71446925 ...  0.7499054   0.71899736
    0.6880892 ]
  [ 0.71650106  0.7151262   0.71375144 ...  0.8064664   0.7720448
    0.7376232 ]
  [ 0.7151648   0.71409917  0.7130336  ...  0.8630274   0.82509226
    0.7871572 ]
  ...
  [ 1.3959773   1.433606    1.4712347  ...  0.77328867  0.75340503
    0.73352146]
  [ 1.3192642   1.359927    1.4005898  ...  0.743666    0.71971107
    0.6957561 ]
  [ 1.242551    1.2862481   1.329945   ...  0.7140433   0.68601704
    0.65799075]]

 [[ 0.88441986  0.8629615   0.84150296 ...  1.0962542   1.050881
    1.005508  ]
  [ 0.96459395  0.93780214  0.9110102  ...  1.1231143   1.0821282
    1.0411417 ]
  [ 1.044768    1.0126427   0.9805175  ...  1.1499746   1.1133751
    1.0767756 ]
  ...
  [ 3.0535126   3.209966    3.366419   ...  0.70664656  0.72291565
    0.73918474]
  [ 2.9131453   3.0723975   3.2316496  ...  0.7005499   0.7094407
    0.71833146]
  [ 2.7727778   2.934829    3.09688    ...  0.69445324  0.69596577
    0.69747823]]

 ...

 [[ 1.2553512   1.3052974   1.3552436  ...  1.3241191   1.252055
    1.179991  ]
  [ 1.3125838   1.3593459   1.406108   ...  1.2740859   1.2042494
    1.1344128 ]
  [ 1.3698162   1.4133945   1.4569725  ...  1.2240528   1.1564436
    1.0888344 ]
  ...
  [ 0.28019047  0.2936273   0.30706415 ...  0.8855366   0.8644073
    0.84327805]
  [ 0.31811747  0.3294249   0.3407323  ...  0.8376689   0.8131404
    0.78861195]
  [ 0.3560445   0.36522245  0.37440047 ...  0.7898012   0.76187354
    0.73394585]]

 [[ 1.6085786   1.6958164   1.7830544  ...  0.6976316   0.66347307
    0.6293145 ]
  [ 1.6757834   1.758927    1.8420703  ...  0.6529033   0.62680256
    0.60070175]
  [ 1.7429883   1.8220375   1.9010867  ...  0.60817504  0.59013206
    0.5720891 ]
  ...
  [ 1.7303399   1.8628038   1.9952677  ... -0.1663069  -0.20969208
   -0.25307724]
  [ 1.7247175   1.8632919   2.0018663  ... -0.15726238 -0.19586857
   -0.23447475]
  [ 1.7190951   1.8637799   2.0084648  ... -0.14821787 -0.18204506
   -0.21587226]]

 [[ 1.1996769   1.2306603   1.2616439  ...  1.397302    1.3844837
    1.3716654 ]
  [ 1.2361848   1.2640694   1.291954   ...  1.4563032   1.4406854
    1.4250674 ]
  [ 1.2726929   1.2974786   1.3222643  ...  1.5153046   1.4968871
    1.4784695 ]
  ...
  [ 1.5702043   1.6446333   1.7190622  ...  1.5833225   1.5545225
    1.5257223 ]
  [ 1.6151372   1.6877221   1.7603068  ...  1.5762807   1.5483952
    1.5205095 ]
  [ 1.6600702   1.730811    1.8015516  ...  1.5692389   1.5422679
    1.5152967 ]]]
