workspace_limits=[[-7.24e-01 -2.76e-01]
 [-2.24e-01  2.24e-01]
 [-1.00e-04  4.00e-01]]
color_space=[[0.30588235 0.4745098  0.65490196]
 [0.34901961 0.63137255 0.30980392]
 [0.61176471 0.45882353 0.37254902]
 [0.94901961 0.55686275 0.16862745]
 [0.92941176 0.78823529 0.28235294]
 [0.72941176 0.69019608 0.6745098 ]
 [1.         0.34117647 0.34901961]
 [0.69019608 0.47843137 0.63137255]
 [0.4627451  0.71764706 0.69803922]
 [1.         0.61568627 0.65490196]]
num_obj=5
stage=grasp_only
goal_conditioned=True
grasp_goal_conditioned=False
obj_mesh_dir=E:\notes\masters_thesis_remote_test\PythonApplication1\objects\blocks
mesh_list=['0.obj', '1.obj', '2.obj', '3.obj', '4.obj', '6.obj', '7.obj', '8.obj']
obj_mesh_ind=[4 0 1 7 1]
obj_mesh_color=[[0.30588235 0.4745098  0.65490196]
 [0.34901961 0.63137255 0.30980392]
 [0.61176471 0.45882353 0.37254902]
 [0.94901961 0.55686275 0.16862745]
 [0.92941176 0.78823529 0.28235294]]
is_testing=False
test_preset_cases=False
test_preset_file=None
---------created later at robot_objects.py------=0
test_obj_mesh_files=[]
test_obj_mesh_colors=[]
test_obj_positions=[]
test_obj_orientations=[]
object_handles=[115, 116, 117, 118, 119]
---------# created later at robot_sim.py------=0
engine=<simulator.Simulator object at 0x000001C27C05D1C0>
UR5_target_handle=0
RG2_tip_handle=0
cam_handle=85
cam_pose=[[ 1.37678730e-07 -7.07106555e-01  7.07107007e-01 -1.00000000e+00]
 [-1.00000000e+00 -6.38652273e-07 -4.43944800e-07  0.00000000e+00]
 [ 7.65511775e-07 -7.07107007e-01 -7.07106555e-01  5.00000000e-01]
 [ 0.00000000e+00  0.00000000e+00  0.00000000e+00  1.00000000e+00]]
cam_intrinsics=[[618.62   0.   320.  ]
 [  0.   618.62 240.  ]
 [  0.     0.     1.  ]]
bg_color_img=[[[197 191 182]
  [198 191 182]
  [198 191 183]
  ...
  [180 175 163]
  [180 175 163]
  [180 176 164]]

 [[197 192 179]
  [198 192 180]
  [198 191 182]
  ...
  [179 176 163]
  [179 176 162]
  [179 175 161]]

 [[197 193 183]
  [197 192 182]
  [198 191 183]
  ...
  [179 175 162]
  [179 175 163]
  [179 175 163]]

 ...

 [[179 177 174]
  [179 177 173]
  [180 177 171]
  ...
  [197 192 180]
  [195 192 182]
  [195 193 183]]

 [[179 177 174]
  [180 178 172]
  [180 178 170]
  ...
  [198 193 180]
  [197 193 180]
  [195 193 182]]

 [[179 177 174]
  [180 178 172]
  [180 178 170]
  ...
  [199 193 179]
  [198 193 180]
  [195 193 180]]]
bg_depth_img=[[1.15526764 1.15526764 1.15526764 ... 1.15527561 1.15527561 1.15528357]
 [1.152224   1.152224   1.152224   ... 1.1522397  1.1522397  1.1522397 ]
 [1.14920417 1.14920417 1.14920417 ... 1.14921206 1.14921206 1.14921206]
 ...
 [0.5112519  0.5112519  0.5112519  ... 0.51125342 0.51125342 0.51125342]
 [0.51065488 0.51065488 0.51065488 ... 0.51065645 0.51065645 0.51065645]
 [0.5100594  0.5100594  0.5100594  ... 0.51006092 0.51006092 0.51006092]]
cam_depth_scale=1
